1: 1664968
2: 3 747213 1664968 1691047 4095634 5535664
3: 9 77935 79583 84707 564578 594898 681805 681886 835470 880698 1109091 1125108 1279972 1463445 1497566 1783284 1997564 2006526 2070954 2250217 2268713 2276203 2374802 2571397 2640902 2647217 2732378 2821237 3088028 3092827 3211549 3283735 3491412 3492254 3498305 3505664 3547201 3603437 3617913 3793767 3907547 4021634 4025897 4086017 4183126 4184025 4189168 4192731 4395141 4899940 4987592 4999120 5017477 5149173 5149311 5158741 5223097 5302153 5474252 5535280
4: 145
5: 8 57544 58089 60048 65880 284186 313376 564578 717529 729993 1097284 1204280 1204407 1255317 1670218 1720928 1850305 2269887 2333350 2359764 2640693 2743982 3303009 3322952 3492254 3573013 3721693 3797343 3797349 3797359 3849461 4033556 4173124 4189215 4207986 4669945 4817900 4901416 5010479 5062062 5072938 5098953 5292042 5429924 5599862 5599863 5689049
6: 8
7: 8
8: 5 57544 58089 59375 64985 313376 704624 717529 729993 1204280 1204407 1254637 1255317 1497566 1720928 1850305 2269887 2333350 2359764 2496900 2640848 2743982 3303009 3322952 3492254 3573013 3797343 3797349 3797359 4033556 4173124 4189168 4206743 4207986 4393611 4813259 4901416 5010479 5062062 5072938 5098953 5292042 5429924 5599862 5599863
9: 3 74106 75221 275656 313376 1279972 1565872 1613838 1997564 2640650 3092827 3491412 3492254 3956845 3973207 4025897 4189168 4189215 4813259
10: 3
11: 60956 313376 322893 497519 499246 594399 801968 806840 1123171 1228259 1463265 1892998 2022036 2070954 2639079 3492254 3594794 3967074 4096317 4189168 4189215 4273212 4611415 4708418 4813259 5300058 5575496
12: 5
13: 5534647
14: 4116750
15: 4095634
16: 5534647
17: 5703728
18: 4207272
19: 2402613
20: 2402613
22: 4095634
23: 5688890
24: 205444 530901 1601519 2583882 3072654 3492254 3498305 4096317 4189168 4638601 4751151 5242252
25: 5688891
26: 5688892
27: 5688893
28: 5688894
29: 5688893
30: 5688896
31: 267480
32: 5688896
33: 5688899
34: 5688900
35: 5688901
36: 5688902
37: 5688903
38: 5688904
39: 5688904
40: 5688906
41: 5108264
42: 5688910
43: 5688909
44: 45
45: 77935 349575 730133 1050004 1296303 1438941 1861146 2238687 2415295 2496868 2504674 2518439 2640161 2806797 3270463 3523345 3709479 3877647 4068200 4068202 4267445 4745746 4786041 4884810 4884863 4950172 5061591 5300058 5444196 5445898 5596573
46: 5688911
47: 5688912
48: 5688912
49: 5688914
50: 5496703
51: 5688916
52: 5688916
53: 1965054
54: 5688918
55: 5688921
56: 5688923
57: 5688925
58: 5688925
59: 4536608
60: 4536608
61: 4536608
62: 4536608
63: 65
64: 5688927
65: 66 373621 497364 660675 668841 726925 801925 875721 1054785 1137604 1264295 1485934 1506476 1525691 1707455 1875197 1891648 2012305 2016813 2495798 2531695 2531937 2533922 2566623 2630316 2630470 3234828 3253028 3345822 3603437 3681859 3880666 3918951 3999143 3999230 4040762 4140473 4186673 4208272 4222476 4288342 4444399 4629446 4732884 4867692 4877498
66: 65 76573 275656 373621 462484 497364 660675 726925 1051918 1054809 1081160 1786747 1872865 1875197 2013257 2016813 2495798 2531695 2531937 2566623 3234828 3253028 3345822 3492254 3880666 3918951 3999230 4040762 4140473 4186673 4189168 4189215 4288238 4288342 4444399 4530182 4629446 4732884 4813259 4877491 4877498 5029787 5361565
67: 5688928
68: 2965227
69: 5703728
70: 2810730
71: 4813077
72: 4813077
73: 5688931
74: 5688931
75: 5703728
76: 2783730
77: 5703728
78: 5703727
79: 5703729
80: 5703729
81: 5703728
82: 5703729
83: 5703729
84: 5665378
85: 5688933
86: 5688937
87: 5688937
88: 5079330
89: 5079330
90: 5703728
91: 5703728
92: 3721245
93: 3549534
94: 436730
95: 5688942
96: 2783730
97: 5688943
98: 5688946
99: 5688946
100: 5689134
101: 5688957
102: 5688953
103: 5688955
104: 4123325
105: 4467680
106: 4467680
107: 108
108: 204185 514740 594399 1250479 1328365 1328843 1345278 1463265 1477545 1503139 1563567 1573051 2030731 2936289 3492254 3498305 3991329 4003103 4143886 4189168 4611225 5659667
109: 108
110: 108
111: 108
112: 5688961
113: 5688962
114: 5688963
115: 5688976
116: 5688964
117: 5688964
118: 5688966
119: 5688967
120: 5688968
121: 5688970
122: 5688972
123: 5688973
124: 5688974
125: 3033351
126: 77935 81615 84707 88822 214851 418381 455636 462376 745479 858879 1331646 1895435 2496860 2496930 2496956 2496965 2854726 2880072 2909936 3072654 3233642 3274533 3284008 3342184 3378109 3682262 3889726 3909616 4552750 4633868 4980991 5001926 5025110 5026556 5101702 5114983
127: 2648325
128: 4351589
129: 4889965
130: 4889965
131: 4889965
132: 5703728
133: 5703730
134: 5703728
135: 5703729
136: 5703728
137: 4889965
138: 4889965
139: 4889965
140: 5703728
141: 5703729
142: 5688978
143: 145 63375 275656 313376 1321671 1463445 2374802 3492254 3712736 4189168 4786084 4813259 4987694 4987695
144: 4095634
145: 2 3 143 325822 566125 1664968 1691047 2402613 3575020 4817723 5535664
146: 1664968
147: 327399
148: 566237
149: 1664960
150: 156270
151: 156270
152: 156270
153: 156270
154: 5703727
155: 2360299
156: 2360299
157: 197421
158: 4351589
159: 4889965
160: 4889965
161: 5703728
162: 1420670
163: 1420670
164: 436980 505650 505651 550302 569094 573346 631250 650629 775638 808820 910306 956638 1031954 1118971 1175762 1231654 1420568 1424177 1508647 1739522 2081174 2473511 2935004 3080731 3334949 3535212 3602167 3607953 3618143 4431009 4610996 4664960 4845331 5143691 5188581 5216791 5308512 5330132 5578696
165: 3378449
166: 4962179
167: 5020860
168: 5020860
169: 5308062
170: 53188 54195 245782 619643 655003 1062798 1136810 1603276 1888482 2136939 2489223 2508964 2595033 3096228 3248658 3397793 3487911 3855042 4257797 4446267 4530349 4860179 4936500 5055205 5302153 5308413
171: 275656 313376 1909243 1992703 2538739 3343022 3492254 4189168 4288238 4813259 5137186
172: 436980 505629 550302 569080 569088 569094 573346 631250 650629 775638 808820 899422 910306 956638 1031954 1118971 1128374 1175762 1231654 1424177 1508647 1739522 2081174 2473511 2935004 3334949 3602167 3607953 3618165 4431009 4610996 4664960 4845331 5143691 5188581 5308917 5330132
173: 4103131
174: 3338076
175: 436980 505627 550302 569080 569088 569094 573346 631250 650629 775638 808820 899173 910306 956638 1031954 1128374 1231654 1424177 1508647 2081174 2473511 2935004 3334949 3602167 3607953 3618158 4431009 4610996 4664960 4845331 5188581 5308516 5330132
176: 185
177: 8982
178: 8982
179: 77935 174817 444847 1098498 1305473 1888603 2762462 3211336 3259682 3345588 3504979 4567858 4995175 5372343
180: 505135 1670218 2752400 3607033 3922905 4006168 4500025 4918757 5505540
181: 4103131
182: 185
183: 569080 569094 808820 910306 1031954 1128374 1424177 2081174 2473511 2867896 3334949 3602167 4610996 5330132 5578696
184: 569094 808820 1031954 1128374 2867896 4610996
185: 569094 2867896
186: 185
187: 184
188: 183
189: 14761 334954 334955 748572 748833 847106 855625 1013051 1030277 1059964 1060007 1266123 1327635 1413631 1597777 1715121 1854436 1891737 1991125 2039882 2181882 2228454 2341657 2341661 2365864 2436126 2743749 2878262 2909049 2924098 3492254 3511020 4061706 4099837 4176870 4185419 4189168 4189215 4290365 4611853 4671409 4710919 4773667 4773793 4991440 5032911 5061167 5198262 5321502 5470377 5470378 5489206 5514406 5517035 5529615 5531245 5531987 5645117 5645379 5645452
190: 3306 598362 832190 878021 880011 880013 880099 880207 880220 880237 896566 1038213 1158400 1369973 1454564 1497652 1543108 1694679 1754905 1783257 1793172 1977788 2202079 3006505 3017120 3043071 3236097 3238012 3291830 3334160 3377250 3676570 3739637 3898184 3929025 4054227 4688509 4689115 4718410 4746003 4780371 4834888 4881842 4882071 4903786 5000100 5020765
191: 250175 516780 516989 976046 1193880 1766727 1915423 2123548 4634166
192: 3747192
193: 3747192
194: 175
195: 3747192
196: 191
197: 3699788
198: 3022722
199: 175
200: 505627
201: 3747192
202: 74082
203: 204
204: 1983170 3780254 3798743 5643493
205: 172
206: 172
207: 505629
208: 5361433
209: 5361433
210: 4086634
211: 4086634
212: 164
213: 217
214: 2979792 4936083
215: 164
216: 164
217: 505650 1420568 3080731 3607953
218: 505650
219: 164
220: 505651
221: 4047094
222: 3746168
223: 5361433
224: 5361433
225: 436980 505678 505679 550302 573346 631250 650629 775638 1118971 1175762 1739522 3334949 3607953 4431009 4610996 4664960 5143691 5148363 5216791 5308944 5330132 5578696
226: 436980 505673 550302 569080 569088 569094 573346 631250 650629 775638 899438 910306 1128374 1175762 1231654 1424177 1508647 1739522 2081174 2473511 2935004 3334949 3602167 3607953 3618166 4431009 4664960 4845331 5143691 5188581 5308939 5330132
227: 4103131
228: 226
229: 5308939
230: 4330310
231: 226
232: 505673
233: 4103131
234: 77935 136582 505135 896161 981475 1524506 1929481 1981042 2244502 2858875 3091818 3183390 3509971 3513813 3587465 3588649 3682219 3682295 4138104 4185356 4632520 4936429 4936500 5300058 5302153 5308062
235: 225
236: 5221685
237: 505678 5148363
238: 505678
239: 225
240: 505679
241: 5361433
242: 5361433
243: 5099965
244: 854394 1260366 1264295 1741340 3346231
245: 246
246: 74165 261724 383232 390357 395161 716576 747293 865903 865906 865910 865911 865912 865913 865914 865915 865916 865917 865918 865919 865923 865929 865938 865951 865963 865996 865997 865998 866012 866028 922097 931370 951187 1120297 1176384 1210330 1216245 1222860 1305372 1309275 1312937 1456188 1620267 1656209 1690032 1692664 1755126 1846624 1898702 1919648 1928220 1961652 2048346 2258115 2317193 2401294 2527646 2538236 2605717 2646454 2871873 2880160 2967090 2967091 3060462 3098022 3211495 3215761 3391034 3591794 3621818 3876266 3963497 3985675 4229025 4254029 4271258 4332245 4459173 4544098 4658206 4680132 4808010 4887440 4890798 5126702 5147869 5220851 5294119 5302153 5461262 5475532 5500466 5529678 5530199 5556980 5578950
247: 246
248: 865910
249: 865910
250: 246